1.445327604E-02
1.017683198E-02
3.632172600E-03
2.441860953E-03
4.900265089E-03
5.908347529E-03
6.310313905E-03
7.818742437E-03
4.607465733E-03
3.603120610E-03
3.409459080E-03
3.666326864E-03
6.473274098E-03
1.805909676E-03
1.490248799E-03
2.194664102E-03
9.242158852E-03
2.557936195E-03
2.069283266E-03
1.763033267E-03
1.973117753E-03
8.353671812E-03
1.834062114E-03
1.191861634E-03
2.009179852E-03
2.001620684E-03
4.625023185E-03
1.819540227E-03
3.571444077E-03
1.926860781E-03
1.540730663E-03
4.446463444E-03
1.341737704E-03
1.407027971E-03
1.445424809E-03
2.032097096E-03
1.137632827E-03
1.203536091E-03
3.637180260E-03
1.344609960E-03
1.700204585E-03
1.713442081E-03
1.445320855E-03
9.046682815E-04
2.378492964E-03
3.731944458E-03
1.160256484E-03
6.473410892E-04
1.382122089E-03
2.738634296E-03
2.265456292E-03
1.935986253E-03
9.639351278E-04
1.030775140E-03
1.011568843E-03
9.555452064E-04
9.126858951E-04
7.763558133E-04
9.047522227E-04
5.626558330E-04
9.035553372E-04
2.108721870E-03
1.080377156E-03
1.058630080E-03
9.425431778E-04
2.009151733E-03
5.981737641E-04
8.359190740E-04
9.455877474E-04
2.425869808E-03
8.946385014E-04
5.521282132E-04
7.369261682E-04
1.694380974E-03
1.465732665E-03
5.597395200E-04
6.727697471E-04
1.252335425E-03
8.283003574E-04
2.127148606E-03
6.065814282E-04
6.397185121E-04
7.961361748E-04
2.678622605E-03
9.920799505E-04
7.117161360E-04
8.581037518E-04
1.391131490E-03
2.263024055E-03
7.622334266E-04
9.275286374E-04
1.381315547E-03
2.477412383E-03
2.951463917E-03
1.433895435E-03
7.691857845E-04
1.166453000E-03
4.518776528E-03
2.042486583E-03
1.255520007E-03
1.045491372E-03
