1.437423537904E+02
1.437422518447E+02
1.437421924828E+02
1.437421572335E+02
1.437421104155E+02
1.437420300560E+02
1.437418512158E+02
1.437417348749E+02
1.437415914866E+02
1.437415150790E+02
1.437414705666E+02
1.437414124350E+02
1.437413899052E+02
1.437413151324E+02
1.437412862547E+02
1.437412469608E+02
1.437412089505E+02
1.437411507130E+02
1.437411312621E+02
1.437411069576E+02
1.437410803821E+02
1.437410782262E+02
1.437410347749E+02
1.437410239695E+02
1.437409997453E+02
1.437409587026E+02
1.437409350944E+02
1.437408926705E+02
1.437408638805E+02
1.437408360701E+02
1.437408131375E+02
1.437407836417E+02
1.437407575678E+02
1.437407408877E+02
1.437407057364E+02
1.437406930069E+02
1.437406659667E+02
1.437406328244E+02
1.437406098947E+02
1.437405730715E+02
1.437405550599E+02
1.437405406600E+02
1.437405198249E+02
1.437404980358E+02
1.437404722284E+02
1.437404637355E+02
1.437404476103E+02
1.437404390218E+02
1.437404256333E+02
1.437404065838E+02
1.437403902850E+02
1.437403747292E+02
1.437403597467E+02
1.437403441369E+02
1.437403240811E+02
1.437403175842E+02
1.437403088979E+02
1.437402979709E+02
1.437402929014E+02
1.437402862407E+02
1.437402770063E+02
1.437402717633E+02
1.437402649901E+02
1.437402566281E+02
1.437402510298E+02
1.437402466024E+02
1.437402398293E+02
1.437402365441E+02
1.437402325494E+02
1.437402283082E+02
1.437402219739E+02
1.437402168106E+02
1.437402121166E+02
1.437402048422E+02
1.437401993236E+02
1.437401939918E+02
1.437401898117E+02
1.437401854201E+02
1.437401786585E+02
1.437401732293E+02
1.437401656852E+02
1.437401605522E+02
1.437401543461E+02
1.437401453927E+02
1.437401360104E+02
1.437401294960E+02
1.437401161188E+02
1.437401037342E+02
1.437400915701E+02
1.437400762609E+02
1.437400645048E+02
1.437400534274E+02
1.437400361824E+02
1.437400274547E+02
1.437400059972E+02
1.437399909451E+02
1.437399727879E+02
1.437399424966E+02
1.437399183131E+02
1.437399018460E+02
1.437398774003E+02
